  2124870849  -100039717  -812160572  -989685758
  1978556073 -1019280487   973724147   921355603
  2041275883  -406795809  1815861988  1443216024
 -1907665231    66602542   762170941  1510201684
  1853542774   517878569   513454428   938335157
   756633011 -1396618943  -932508855  1058018065
   271721355  1065928286 -2093228144 -1430881924
   932928410  2061367795 -2094409905  -261635889
 -1466830448  -449228677  2113739855  1992914991
 -1790334463  -738591023  1286988081 -2127964744
 -1013828598 -2065527445 -1904033003   -36815871
 -2100759212 -1039759979  -807178500 -1914383566
 -1201536953 -2021966483   887063865   124012297
  1938171972 -1279826245 -2053903404  1919125764
  -928664844 -1959064952 -1997401454 -1165005312
   486799745  -448685293  -953688672 -1608354299
   701220702  -636894006 -1516402171   798263047
  -140938468  1816733029 -1036188909 -1844558385
   556003334  1039218948  -377970937 -2101291316
  1464344903   958424716 -1746824818 -1984252356
  -818507968   607004939  1128917359  2128950180
  1566276518  -878306714  1555963216  1061750773
  -736798759  -906416515  -845113522 -1174976758
 -1617477480 -1616397338   430959672 -1167679779
   749402327  1094027772 -1505098459 -2113284467
 -2105764949 -1076057213  1226860847  -946329200
   526928313  -385364638 -1787870512  1846141545
  -610645288  -824914881  1981760475  -151817758
   873475938  1771947072  1047063818  -272361101
   692821727 -1271695181  1095712578  1559651407
 -2023301638   184264057  2030128513 -1725858919
  1162146620  1598846549   852241010 -1655324339
 -1299278106  -738012047   134177338  1191287831
 -1853007833  1992717858  1880626908   700206536
   271873015  -668015492 -1460243266   192651743
 -1864197567 -1210607861   237054084   772129133
 -1767903797   688713465 -1405063543   -55328764
 -1108448592  -813742218
